8.672413793	7.327586207
8.6	6.136363636
55.91779497	4.240812379
7.203703704	6.203703704
11.01341682	9.297853309
13.78938907	9.573954984
9.815789474	8.815789474
9.857758621	9.504310345
8.1875	6.40625
10.71649485	7.912371134
5.386792453	3.578167116
10.23400673	8.897306397
7.31097561	6.006097561
9.249718151	7.122322435
11.47720798	8.482905983
7.557971014	6.268115942
9.382352941	6.029411765
10.77272727	7.550505051
12.80232558	7.151162791
11.85266821	8.996519722
12.59090909	11.59090909
10.64285714	8.165024631
7.881694255	6.881694255
8.426108374	6.4408867
8.873134328	6.082089552
10.66845878	6.44265233
5.423076923	5.064102564
10.69794344	8.66966581
8.763157895	7.324561404
10.04205607	8.341121495
12.2431694	10.15027322
16.33783784	13.31081081
8.5	7.5
8.475124378	6.97761194
8.636986301	6.267123288
6.725806452	5.725806452
13.5	12.5
11.24193548	8.306451613
7.801075269	5.725806452
7.88247012	6.484063745
8.5	6.5
10.64285714	9.642857143
12.83014354	13.26555024
11.47101449	11.92028986
11.33034258	8.699021207
10.18257757	10.15550239
8.290419162	8.687624751
9.150319829	7.617270789
10.21232877	7.979452055
6.441176471	5.767973856
10.06108597	7.240406321
8.542016807	4.180672269
13.5	12.5
6.855704698	5.855704698
8.945544554	7.037953795
12.02017937	11.02017937
13.25609756	7.37804878
6.600775194	7.151162791
9.951612903	11.63978495
7.226708075	5.605590062
11.83333333	10.39473684
7.964285714	6.071428571
6.963203463	5.097402597
12.19565217	11.19565217
9.560606061	7.550505051
6.287456446	5.277777778
13.46441281	13.17615658
11.16666667	9.511686144
11.6300813	5.75203252
9.470149254	6.728855721
11.18	8.9
9.083756345	6.560913706
11.25862069	10.25862069
9.694690265	6.039823009
9.531746032	6.944444444
10.07894737	6.776315789
11.44223827	8.998194946
7.401170351	5.876623377
9.730529595	6.861370717
9.117977528	4.747191011
6.177532014	5.759604191
11.52139037	6.778074866
11.5	6.5
10.4047619	7.261904762
8.926356589	7.667958656
10.08682635	7.889221557
6.625	8.75
9.653846154	6.858974359
9.173758865	7.464539007
15.26470588	8.382352941
9.75	6.25
8.917607223	6.563205418
8.794117647	7.261904762
10.90740741	9.907407407
12.875	7.1875
9.936781609	8.477011494
7.994382022	5.308988764
10.68816068	9.081740977
7.666666667	5.972222222
10.07276995	7.664319249
12.07142857	13.92857143
10.49300699	10.89160839
8.928571429	7.071428571
10.2961165	8.567961165
11.5	10
8.151162791	6.634366925
12.19565217	8.185618729
8.151162791	7.151162791
9.653846154	8.653846154
7.392944039	5.419708029
11.16550523	5.984320557
11.52919708	8.704379562
9.75	9.097222222
9.445945946	7.905405405
9.198778833	7.656037992
11.47773655	9.735621521
8.949591281	7.132152589
13.98387097	14.19354839
11.1433121	7.914012739
7.951038576	6.357566766
7.62371134	6.62371134
7.930379747	5.664556962
11.25193798	11.02713178
6.363961814	4.64797136
8.814009662	7.814009662
11.83333333	11.06481481
14.45890411	10.71917808
8.588062622	8.370841487
8.520080321	8.524096386
17.38888889	13.61111111
11.58510638	10.15957447
6.855704698	5.184563758
6.202702703	4.864864865
12.71985816	9.592198582
6.703661327	5.703661327
10.79483283	7.363221885
8.5	5
9.571428571	6.785714286
13.31481481	9.166666667
9.470149254	8.896588486
12.91619586	10.40960452
13.86144578	10.21084337
12.32352941	8.382352941
15.92937853	8.149717514
16.13157895	15.13157895
9.924581006	7.80726257
11.78828829	10.42792793
7.847826087	5.295031056
12.81034483	9.396551724
13.75641026	10.89160839
7.785714286	6.785714286
7.160565724	4.330282862
7.110108303	5.388086643
12.70096852	11.70096852
8.679282869	6.484063745
11.85654596	10.2994429
11.69277108	10.21084337
7.144646925	6.60022779
6.393890675	4.750803859
8.319277108	6.516064257
8.022613065	9.535175879
8.923728814	7.245762712
10.55128205	7.628205128
6.963203463	5.097402597
12.484375	11.484375
11.64479638	8.834841629
9.648867314	7.354368932
10.8800738	8.404059041
7.004672897	6.705607477
9.75	7.1875
7.581632653	4.540816327
15.62121212	13.10606061
10.64285714	8.75
5.460784314	4.460784314
9.413978495	7.59383378
5.627659574	4.627659574
8.738095238	5.833333333
8.833333333	5.166666667
8.279411765	7.279411765
15.13	10.07575758
5.269911504	4.269911504
6.957446809	5.159574468
14.07934509	10.94892812
12.12068966	7.672413793
11.07575758	7.550505051
13.02380952	7.261904762
6.223735409	5.612840467
10.92459397	8.068445476
16.83333333	15.83333333
6.878378378	5.202702703
9.711180124	8.090062112
10.50934579	9.509345794
6.909090909	7.045454545
9.102240896	6.981792717
7.666666667	6.666666667
9.831471136	8.831471136
7.386925795	4.620141343
8.539787798	6.213527851
9.004587156	8.004587156
10.2961165	8.325242718
8.414004914	6.431203931
7.710526316	7.763157895
9.606870229	7.080152672
9.112244898	8.87755102
6.290697674	4.360465116
6.833333333	5.833333333
5.909638554	4.909638554
11.58823529	7.892156863
10.90740741	11.14197531
6.778688525	5.778688525
11.19230769	9.337606838
11.45454545	11.96969697
14.48901099	10.19230769
7.46039604	6.46039604
9.335543767	7.805039788
6.697674419	4.825581395
8.527932961	6.410614525
8.261904762	7.261904762
6.316901408	5.316901408
9.922018349	10.75688073
8.362236629	6.713938412
8.401960784	6.421568627
10.78476821	9.122516556
10.44444444	8.055555556
6.778688525	8.237704918
11.19230769	12.11538462
9.401639344	7.090163934
7.203703704	6.203703704
14.32802548	12.37261146
11.95070423	9.139839034
11.95070423	10.95070423
8.151162791	5.600775194
9.353658537	5.426829268
9.812292359	7.151162791
12.83977456	11.03462158
8.651515152	7.348484848
12.66030534	11.27862595
6.178571429	4.732142857
8.863984674	6.331417625
5.415708812	6.331417625
8.001607717	5.715434084
12.54977376	8.834841629
25.72222222	19.16666667
6.53030303	5.53030303
10.16666667	5.833333333
12.61680912	9.907407407
11.4787234	8.882978723
8.358299595	5.745436105
10.33760684	8.482905983
7.581632653	5.901360544
10.63305898	7.575445816
15.03846154	14.03846154
8.3	6.5
6.202702703	7.905405405
17.78571429	16.78571429
13.63513514	11.95945946
7.81211499	4.964065708
10.39102564	7.147435897
13.84482759	11.36699507
8.011278195	6.00877193
11.05667506	8.54534005
10.15322581	8.14516129
6.637254902	4.852941176
15.26470588	14.26470588
13.33606557	8.647540984
9.214285714	8.214285714
8.595541401	4.410828025
7.666666667	6.826923077
12.09728507	8.820541761
14.35972851	12.45475113
8.482206406	5.702846975
16.44117647	15.44117647
10.81707317	8.191056911
9.480066445	5.822259136
9.069620253	6.035353535
9.895348837	8.604651163
11.09493671	10.09493671
13.32142857	12.32142857
3.2	4.722222222
14.4223301	9.538834951
9.117977528	7.556179775
8.921686747	8.12248996
7.433434191	5.223146747
7.45256917	6.584321476
8.539787798	6.713527851
13.65037594	11.27067669
7.642011834	5.366863905
9.055555556	8.555555556
8.786343612	7.405286344
13.5	13
9.004587156	8.198776758
10.22268908	10.14285714
7.071428571	6.571428571
5.423076923	6.846153846
15.10949868	13.02638522
14.05900621	12.9378882
7.25	5.5
10.64285714	10.14285714
15.07024793	12.09090909
10.52875399	8.111821086
9.36797066	8.134474328
13.70408163	10.90816327
9.088484335	8.752961083
11.89160839	7.210526316
8.331932773	10.14285714
10.97330961	9.060606061
9.75	8.092592593
10.33760684	11.54700855
11.08293839	11.05687204
10.52247191	10.16292135
13.4378882	12.00621118
10.66723549	9.484641638
8.658730159	7.365079365
10.09340659	7.395604396
7.695804196	5.797202797
7.958598726	7.458598726
12.20917574	6.576982893
10.72891566	7.21686747
6.570175439	6.947368421
7.54040404	7.242424242
10.16666667	6.333333333
8.609489051	5.919708029
10.59677419	8.806451613
5.93902439	5.43902439
6.948275862	6.448275862
8.016129032	6.870967742
10.07276995	8.633802817
9.422551253	8.922551253
8.164723032	8.664723032
12.15384615	10.73076923
7.437007874	6.362204724
8.097701149	9.363984674
11.03138075	10.66666667
6.187140115	5.727447217
10.06716418	11.46268657
4.642857143	5.142857143
6.252293578	6.752293578
7.45256917	6.766798419
7.941453567	9.518169583
12.36699507	9.911330049
12.0106383	11.44680851
13.87344398	15.2033195
6.53030303	8.329004329
9.75	10.25
7.755319149	8.255319149
8.654639175	7.608247423
12.30195599	9.623471883
8.539787798	9.570291777
11.59399478	12.09399478
8.979452055	7.424657534
7.058718861	6.846975089
5.425722146	5.375515818
8.297601199	9.089820359
6.796703297	6.197802198
10.96054519	10.31276901
7.014376997	7.514376997
9.382352941	9.347593583
13.93478261	10.08695652
12.67107584	11.74647887
7.871584699	8.371584699
8.016129032	8.487179487
7.110108303	6.888086643
13.2415507	12.94632207
12.52255639	10.76691729
9.417159763	9.325443787
9.981481481	6.314814815
7.273584906	7.773584906
13.33606557	12.19672131
10.50483092	10.03864734
9.269230769	7.846153846
9.706896552	7.448275862
10.19642857	9.357142857
7.861370717	8.361370717
7.437007874	5.57480315
4.525641026	5.025641026
8.272727273	7.181818182
9.208245243	10.55391121
8.245762712	7.389830508
7.421568627	7.594771242
13.6010101	13.09090909
12.29120879	12.79120879
7.902515723	8.088050314
9.560606061	10.06060606
7.516064257	7.614457831
6.202702703	6.702702703
10.13129973	9.305039788
10.55882353	13.41176471
6.833333333	7.333333333
12.11423221	10.92883895
16	12.4375
9.482905983	10.41025641
9.793706294	9.944055944
8.87037037	8.074074074
6.076808722	6.576808722
6.914634146	6.43902439
11.45454545	9.681818182
9.425925926	7.950617284
6.674603175	5.587301587
10.19456067	9.462184874
14.21428571	14.52631579
10.43641618	8.624277457
9.160377358	5.886792453
7.820987654	6.160493827
10.04205607	9.607476636
6.092592593	5.481481481
8.110951009	10.0518732
10.20391061	6.234636872
7.15535248	8.177545692
10.83944954	13.17431193
5.597902098	6.797202797
6.948275862	7.448275862
10.64285714	11.14285714
8.139175258	9.154639175
6.948275862	7.448275862
12.73076923	11.69230769
12.36426593	10.09418283
6.922982885	7.178484108
8.1875	9.357142857
11.92105263	8.210526316
13.30392157	11.84313725
9.269230769	8.487179487
6.131578947	6.631578947
10.82323232	9.555555556
7.773504274	7.703703704
10.73684211	10.90789474
8.124277457	8.624277457
14.38435374	12.84353741
10.16666667	9.925925926
10.52479339	8.958677686
5.856902357	7.03030303
9.653846154	16.30769231
11.3817734	7.9408867
10.62328767	8.931506849
6.760869565	6.173913043
8.628205128	8.339250493
9.382352941	9.882352941
11.71727019	12.35654596
4.452380952	5.904761905
13.66949153	11.62711864
8.929864253	8.977375566
8.310996564	8.12371134
12.875	13.89583333
8.045454545	7.03030303
13.5	11.5
14.26233184	12.07174888
11.61808118	10.64206642
9.87755102	9.612244898
4.44637224	4.94637224
9.62244898	10.12244898
5.093625498	5.992031873
10.04761905	7.571428571
6.147058824	5.764705882
5.71402214	6.95202952
12.40052356	9.759162304
6.637254902	8.705882353
8.717391304	8.347826087
12.1746988	11.71084337
9.282312925	9.442176871
8.628205128	7.418803419
5.121621622	5.081081081
6.47029703	6.97029703
6.110966057	6.610966057
7.609589041	7.424657534
4.623595506	5.123595506
8.5	7.666666667
11.5	9.538461538
7.988778055	8.239401496
9.014705882	7.308823529
7.40625	5.5625
6.985254692	6.412868633
10.62468193	10.87022901
5.1	4.2
9.372193437	9.699481865
13.52132196	8.264392324
6.43040293	6.564102564
7.740282686	6.120141343
5.93902439	5.829268293
10.31818182	12.26446281
17.99275362	18.49275362
9.675771972	9.225653207
14.91552511	13.5890411
9.055555556	13.72222222
9.455334988	8.466501241
6.982587065	7.482587065
7.796875	7.90625
6.889830508	9.084745763
6.576923077	6.769230769
11.03138075	11.11297071
9.47826087	9.434782609
11.83333333	8.011461318
11.19230769	10.15384615
9.935643564	9.940594059
13.53236246	12.41423948
7.801075269	9.161290323
8.672413793	8.310344828
9.653846154	7.076923077
9.300464037	9.104408353
11.15306122	11.14285714
7.626984127	7.492063492
12.52255639	13.02255639
10.57964602	9.014749263
10.64285714	7.296703297
10.41489362	10.91489362
7.373239437	6.816901408
8.224409449	8.761904762
11.54597701	12.62068966
6.833333333	10.66666667
8.556179775	10.17977528
7.536697248	8.036697248
13.77568922	12.52130326
4.257575758	4.757575758
11.78877005	10.95187166
11.46460177	11.96460177
10.93494424	10.69144981
12.875	8.166666667
8.464539007	8.255319149
6.849282297	7.349282297
8.628205128	8.914529915
7.810344828	9.603448276
9.004587156	9.479452055
9.313953488	8.651162791
7.119909502	8.524886878
5.026717557	4.763358779
6.494011976	4.598802395
9.704379562	10.93430657
10.19642857	10.91964286
9.43141798	9.375347544
8.095588235	6.941176471
10.05966504	8.46615492
9.75	9.555555556
9.760575296	10.00169062
7.609589041	10.84931507
10.7265625	11.2265625
10.47674419	6.325581395
6.043720191	6.861685215
13.19387755	11.65306122
11.98287113	12.48287113
12.98616601	11.11462451
14.55990783	15.98156682
7.609589041	8.109589041
11.5	12
8.319277108	7.786574871
8.833333333	9.333333333
8.030744337	11.1197411
3.1	2.1
11.34313725	7.921568627
8.668539326	10.51685393
6.33286119	6.266288952
12.35608856	9.904059041
9.055555556	8.830917874
5.95398773	6.45398773
10.13507109	10.63507109
10.59677419	9.806451613
9.214285714	9.714285714
13.97904192	12.68263473
14.67318436	16.29050279
8.905405405	11.20720721
15.69512195	13.40766551
15.26470588	27.52941176
11.19230769	9.982905983
9.91025641	8.487179487
9.30474934	9.80474934
11.91584158	10.43564356
8.972636816	7.233830846
12.07142857	11.14285714
7.908352668	7.712296984
10.3852459	11.86885246
6.357142857	7.673469388
12.41719745	8.140127389
4.992537313	6.985074627
11.32396088	10.84596577
7.273584906	6.830188679
8.127249357	7.084832905
8.657593123	8.871060172
8.213804714	8.713804714
10.90740741	11.40740741
13.02380952	8.761904762
10.25675676	6.027027027
5.5	2.5
2.14	3.1
8.097701149	8.597701149
9.261316872	8.938271605
13.4827883	15.53184165
11.13052209	12.03212851
8.468944099	8.968944099
11.25193798	9.426356589
9.804728546	9.253940455
6.441176471	6.941176471
7.383495146	6.912621359
10.64285714	11.14285714
7.666666667	8.166666667
12.40688259	11.28744939
4.3	2.5
9.581081081	8.054054054
12.27192982	10.14035088
7.051912568	8.371584699
7.92804428	6.95202952
9.560606061	9.050505051
10.96268657	11.46268657
10.72891566	11.22891566
9.560606061	7.03030303
12.30503145	12.80503145
10.79483283	10.68693009
10.17903525	9.194805195
8.613636364	9.397727273
14.95038168	14.6870229
13.35915493	10.1971831
8.905405405	14.81081081
10.6957672	9.502645503
10.81707317	9.923344948
11.01879699	9.263157895
10.72891566	10.02409639
11.83333333	7.333333333
8.432735426	8.708520179
3.9	2.1
11.06302521	11.14285714
14.14638783	8.562737643
6.811258278	5.986754967
7.480099502	5.990049751
2.4	1.8
5.180672269	7.361344538
6.343601896	5.895734597
7.885964912	8.385964912
8.261904762	11.14285714
9.75	9.729166667
14.41954023	11.47126437
10.86842105	10.31578947
7.57523511	9.642633229
7.725352113	8.225352113
9.004587156	7.669724771
6.25862069	7.67816092
10.04205607	8.672897196
6.760869565	6.173913043
9.869426752	9.732484076
12.02272727	11.10227273
7.421568627	9.882352941
6.616883117	6.077922078
12.40804598	10.6091954
8.8125	7.90625
8.752525253	8.848484848
9.513363029	8.899777283
28.5	29
6.731939164	6.47148289
13.88961039	8.935064935
10.49658703	9.290102389
8.410714286	8.464285714
4.51010101	5.01010101
12.07142857	9.714285714
13.0890411	9.479452055
6.805785124	6.479338843
11.78877005	11.48663102
7.673354735	7.852327448
8.179802956	8.433497537
7.438730853	7.938730853
9.027638191	8.522613065
7.571246819	8.071246819
6.966666667	7.2
7.526845638	6.013422819
4.166666667	6
14.39108911	9.940594059
9.241626794	8.306220096
9.085106383	9.053191489
6.875527426	6.53164557
11.97457627	9.084745763
6.805785124	6.203856749
8.372881356	8.661016949
12.19565217	12.69565217
8.576142132	7.553299492
9.170103093	7.092783505
7.581632653	8.081632653
9.668831169	8.87012987
9.951612903	10.4516129
6.504807692	6.406738869
13.13855422	10.3253012
2.5	2.787
13.73890785	11.33788396
10.03594771	9.22875817
11.11904762	9.714285714
20.16666667	20.66666667
8.156084656	8.444444444
9.214285714	7.928571429
9.33501006	8.225352113
1.85	3.79
12.82475884	11.7170418
5.93902439	6.43902439
8.261904762	8.761904762
10.44444444	7.819444444
9.214285714	9.714285714
10.92574257	11.75577558
7.22250423	7.045685279
10.79366603	10.52591171
9.193950178	9.693950178
10.22268908	10.16246499
6.173796791	6.673796791
3.2	2.8
11.84752981	12.66609881
7.761363636	8.409090909
7.847826087	8.069053708
7.389789303	8.883495146
7.2470726	8.278688525
11.90336134	10.67226891
14.96131805	14.45558739
10.32414698	12.21784777
18.88461538	20.38461538
9.836088154	9.820936639
5.309954751	5.900900901
2.97	9.109589041
10.2653277	10.49682875
7.421568627	8.921568627
2.5	5.9
6.95323741	4.9
10.41642651	11.91642651
1.87	5.2
12.42307692	12.38461538
1.25	2.1
5.931610942	7.431610942
8.526737968	9.278074866
4.75	6.25
